# Migration is number of nodes that have changed color.

Round		Edge-Cut		Swaps		Migrations		Skipped
0		106180		2721		1589
1		86612		5435		1898
2		72222		8127		1948
3		63296		10812		1985
4		57014		13495		2007
5		53279		16166		2016
6		49688		18830		2024
7		48387		21495		2051
8		46733		24160		2041
9		45678		26819		2033
10		45008		29472		2041
11		44678		32140		2028
12		44150		34807		2030
13		43857		37451		2025
14		43425		40120		2029
15		43101		42773		2017
16		42873		45414		2030
17		42555		48072		2027
18		42389		50735		2031
19		42346		53386		2037
20		42314		56052		2036
21		42291		58715		2037
22		42197		61368		2042
23		42140		64016		2042
24		42129		66678		2044
25		42109		69346		2036
26		42034		71994		2042
27		41863		74641		2048
28		41830		77281		2037
29		41790		79932		2041
30		41731		82569		2039
31		41746		85226		2039
32		41710		87886		2042
33		41716		90536		2040
34		41697		93192		2044
35		41635		95848		2038
36		41619		98491		2045
37		41597		101153		2040
38		41582		103793		2038
39		41515		106447		2034
40		41513		109093		2044
41		41485		111735		2037
42		41457		114382		2038
43		41457		117025		2040
44		41448		119667		2042
45		41442		122309		2046
46		41434		124958		2040
47		41392		127589		2041
48		41389		130243		2040
49		41391		132886		2039
50		41397		135527		2038
51		41393		138178		2032
52		41374		140825		2031
53		41350		143456		2032
54		41355		146109		2037
55		41365		148755		2035
56		41358		151410		2035
57		41350		154049		2035
58		41338		156706		2036
59		41354		159338		2035
60		41351		161972		2049
61		41365		164624		2044
62		41337		167265		2043
63		41338		169917		2041
64		41335		172560		2041
65		41332		175206		2045
66		41329		177848		2042
67		41336		180498		2041
68		41323		183158		2040
69		41313		185792		2043
70		41327		188452		2045
71		41332		191098		2049
72		41317		193749		2042
73		41330		196394		2037
74		41328		199052		2037
75		41322		201694		2040
76		41324		204333		2040
77		41334		206994		2043
78		41335		209647		2042
79		41331		212295		2037
80		41329		214951		2029
81		41324		217598		2031
82		41329		220230		2028
83		41329		222882		2027
84		41321		225534		2028
85		41317		228196		2024
86		41315		230846		2037
87		41306		233475		2031
88		41306		236119		2032
89		41317		238770		2034
90		41306		241408		2037
91		41302		244063		2040
92		41303		246704		2035
93		41304		249341		2029
94		41291		252002		2034
95		41300		254623		2038
96		41296		257276		2043
97		41304		259947		2048
98		41308		262585		2038
99		41303		265224		2046
100		41302		267859		2044
101		41299		270501		2045
102		41302		273149		2046
103		41300		275802		2044
104		41306		278439		2049
105		41373		281091		2047
106		41374		283738		2041
107		41366		286397		2030
108		41363		289053		2032
109		41366		291708		2031
110		41372		294365		2034
111		41373		297021		2039
112		41367		299695		2043
113		41365		302345		2038
114		41367		304996		2044
115		41357		307651		2040
116		41326		310305		2046
117		41327		312953		2051
118		41329		315598		2046
119		41323		318243		2048
120		41316		320906		2045
121		41317		323565		2041
122		41318		326203		2042
123		41308		328847		2039
124		41307		331480		2041
125		41332		334119		2045
126		41331		336783		2031
127		41337		339418		2037
128		41329		342074		2036
129		41331		344720		2034
130		41330		347361		2036
131		41322		350002		2033
132		41324		352640		2034
133		41320		355278		2035
134		41320		357927		2037
135		41324		360577		2037
136		41329		363212		2037
137		41334		365855		2039
138		41333		368507		2037
139		41326		371151		2038
140		41320		373803		2034
141		41318		376455		2033
142		41312		379097		2037
143		41317		381753		2039
144		41320		384403		2038
145		41320		387054		2036
146		41317		389694		2041
147		41320		392336		2041
148		41318		394965		2043
149		41320		397619		2042
150		41314		400259		2046
151		41320		402891		2047
152		41313		405550		2048
153		41318		408208		2045
154		41323		410862		2049
155		41323		413517		2047
156		41314		416152		2046
157		41315		418774		2047
158		41320		421419		2045
159		41324		424070		2046
160		41303		426715		2047
161		41305		429352		2044
162		41311		431989		2045
163		41307		434633		2046
164		41305		437271		2047
165		41311		439910		2050
166		41304		442549		2051
167		41306		445198		2050
168		41304		447844		2045
169		41305		450476		2045
170		41298		453125		2047
171		41304		455762		2051
172		41298		458399		2041
173		41300		461029		2044
174		41297		463668		2041
175		41294		466309		2034
176		41292		468949		2042
177		41298		471589		2045
178		41297		474230		2041
179		41293		476877		2043
180		41291		479523		2049
181		41292		482170		2053
182		41286		484808		2050
183		41284		487461		2049
184		41291		490093		2044
185		41288		492738		2042
186		41294		495394		2047
187		41289		498047		2043
188		41292		500680		2041
189		41293		503320		2036
190		41295		505977		2035
191		41293		508620		2040
192		41292		511258		2044
193		41290		513912		2045
194		41295		516566		2043
195		41292		519209		2039
196		41289		521854		2037
197		41289		524498		2035
198		41287		527151		2042
199		41288		529808		2043
200		41295		532445		2049
201		41317		535101		2043
202		41324		537755		2040
203		41325		540415		2046
204		41322		543071		2042
205		41320		545724		2036
206		41319		548362		2040
207		41319		551017		2036
208		41308		553661		2039
209		41307		556304		2041
210		41308		558943		2042
211		41285		561589		2045
212		41281		564248		2044
213		41279		566889		2045
214		41280		569542		2043
215		41282		572188		2042
216		41279		574841		2042
217		41283		577479		2043
218		41293		580133		2045
219		41284		582794		2046
220		41284		585447		2044
221		41292		588098		2047
222		41291		590751		2047
223		41278		593397		2050
224		41283		596025		2044
225		41279		598674		2047
226		41277		601334		2047
227		41282		603973		2046
228		41281		606607		2049
229		41281		609258		2049
230		41292		611913		2044
231		41284		614547		2047
232		41284		617185		2052
233		41292		619842		2046
234		41286		622493		2042
235		41288		625151		2046
236		41288		627820		2038
237		41285		630455		2040
238		41284		633088		2034
239		41291		635728		2038
240		41292		638371		2035
241		41292		641000		2030
242		41293		643647		2029
243		41293		646291		2028
244		41298		648940		2030
245		41292		651580		2033
246		41291		654229		2033
247		41273		656867		2033
248		41270		659513		2028
249		41273		662173		2025
250		41277		664801		2033
251		41272		667436		2034
252		41273		670091		2035
253		41271		672747		2036
254		41267		675384		2035
255		41270		678035		2038
256		41265		680678		2036
257		41264		683328		2033
258		41270		685979		2031
259		41265		688619		2037
260		41259		691277		2040
261		41258		693907		2038
262		41257		696558		2037
263		41256		699195		2040
264		41257		701838		2041
265		41259		704481		2042
266		41262		707115		2036
267		41264		709751		2037
268		41267		712404		2029
269		41267		715046		2038
270		41267		717680		2040
271		41267		720317		2042
272		41265		722958		2045
273		41263		725608		2041
274		41267		728249		2047
275		41268		730890		2044
276		41268		733522		2046
277		41267		736167		2040
278		41267		738816		2034
279		41270		741457		2039
280		41273		744096		2035
281		41272		746731		2031
282		41271		749379		2041
283		41273		752033		2041
284		41270		754668		2036
285		41269		757308		2038
286		41271		759962		2036
287		41270		762611		2036
288		41267		765253		2037
289		41268		767898		2046
290		41271		770545		2039
291		41270		773199		2042
292		41265		775856		2045
293		41265		778505		2048
294		41265		781158		2042
295		41261		783792		2036
296		41269		786437		2033
297		41272		789077		2037
298		41273		791708		2039
299		41269		794344		2036
300		41270		796982		2038
301		41264		799628		2037
302		41262		802256		2038
303		41259		804906		2038
304		41256		807546		2038
305		41260		810192		2038
306		41256		812838		2044
307		41257		815481		2044
308		41260		818132		2042
309		41260		820778		2040
310		41261		823429		2039
311		41259		826068		2036
312		41261		828694		2039
313		41260		831345		2037
314		41255		833991		2038
315		41257		836629		2038
316		41255		839270		2037
317		41256		841913		2048
318		41256		844564		2046
319		41255		847219		2042
320		41252		849862		2043
321		41255		852504		2041
322		41255		855148		2042
323		41254		857800		2040
324		41253		860435		2044
325		41250		863101		2041
326		41251		865748		2046
327		41251		868396		2050
328		41248		871023		2046
329		41247		873670		2044
330		41250		876308		2046
331		41251		878963		2048
332		41251		881600		2049
333		41254		884247		2051
334		41254		886885		2052
335		41253		889525		2051
336		41253		892165		2044
337		41259		894809		2042
338		41256		897439		2039
339		41255		900071		2040
340		41252		902697		2040
341		41248		905349		2042
342		41249		907996		2039
343		41248		910636		2040
344		41249		913284		2040
345		41247		915920		2041
346		41247		918572		2040
347		41245		921206		2038
348		41247		923848		2042
349		41246		926496		2041
350		41251		929137		2042
351		41249		931780		2045
352		41249		934427		2046
353		41249		937077		2045
354		41249		939738		2046
355		41254		942381		2049
356		41251		945025		2046
357		41249		947666		2049
358		41243		950314		2045
359		41245		952950		2047
360		41245		955581		2049
361		41248		958219		2050
362		41245		960871		2045
363		41239		963517		2045
364		41237		966161		2046
365		41236		968819		2044
366		41241		971449		2044
367		41242		974072		2048
368		41242		976729		2044
369		41240		979373		2042
370		41237		982018		2046
371		41240		984667		2037
372		41242		987318		2040
373		41248		989973		2033
374		41243		992622		2041
375		41245		995278		2041
376		41242		997933		2040
377		41242		1000569		2040
378		41241		1003223		2039
379		41240		1005878		2039
380		41243		1008515		2037
381		41240		1011149		2042
382		41239		1013799		2046
383		41239		1016449		2047
384		41238		1019082		2048
385		41241		1021745		2045
386		41241		1024399		2044
387		41247		1027053		2045
388		41244		1029686		2043
389		41245		1032322		2043
390		41244		1034972		2046
391		41243		1037626		2044
392		41237		1040273		2048
393		41240		1042907		2045
394		41238		1045538		2048
395		41241		1048183		2045
396		41239		1050835		2049
397		41240		1053484		2048
398		41242		1056127		2051
399		41238		1058768		2051
400		41241		1061425		2053
401		41239		1064054		2049
402		41239		1066694		2051
403		41236		1069342		2051
404		41238		1071989		2052
405		41236		1074624		2050
406		41239		1077277		2053
407		41239		1079929		2050
408		41238		1082570		2051
409		41239		1085206		2048
410		41236		1087836		2048
411		41238		1090465		2048
412		41237		1093102		2045
413		41242		1095753		2047
414		41241		1098387		2045
415		41243		1101031		2047
416		41241		1103682		2044
417		41244		1106314		2041
418		41244		1108961		2040
419		41244		1111608		2037
420		41243		1114244		2035
421		41244		1116879		2037
422		41245		1119532		2038
423		41247		1122165		2039
424		41247		1124804		2042
425		41240		1127457		2038
426		41245		1130108		2038
427		41247		1132766		2038
428		41248		1135400		2039
429		41247		1138064		2041
430		41244		1140708		2045
431		41242		1143359		2043
432		41242		1146006		2042
433		41241		1148652		2044
434		41241		1151310		2043
435		41242		1153953		2040
436		41241		1156585		2042
437		41242		1159232		2038
438		41240		1161878		2037
439		41240		1164529		2038
440		41241		1167162		2039
441		41238		1169804		2037
442		41239		1172457		2034
443		41237		1175089		2035
444		41242		1177744		2039
445		41240		1180384		2041
446		41241		1183029		2039
447		41241		1185675		2040
448		41242		1188308		2040
449		41241		1190958		2041
450		41241		1193601		2040
451		41243		1196253		2039
452		41242		1198893		2039
453		41243		1201530		2035
454		41244		1204164		2033
455		41244		1206810		2038
456		41239		1209456		2037
457		41240		1212100		2039
458		41239		1214737		2040
459		41239		1217375		2041
460		41239		1219997		2042
461		41239		1222637		2036
462		41242		1225279		2036
463		41243		1227918		2037
464		41243		1230565		2039
465		41240		1233199		2039
466		41241		1235850		2041
467		41239		1238502		2037
468		41235		1241150		2036
469		41231		1243793		2035
470		41233		1246446		2038
471		41231		1249076		2038
472		41231		1251732		2039
473		41231		1254387		2040
474		41231		1257014		2038
475		41234		1259649		2044
476		41232		1262298		2040
477		41233		1264932		2038
478		41230		1267570		2038
479		41232		1270214		2039
480		41231		1272852		2039
481		41231		1275507		2039
482		41231		1278159		2043
483		41230		1280811		2044
484		41231		1283454		2041
485		41231		1286098		2039
486		41233		1288748		2044
487		41233		1291381		2036
488		41235		1294036		2033
489		41236		1296675		2038
490		41234		1299312		2036
491		41234		1301939		2037
492		41234		1304583		2037
493		41233		1307220		2033
494		41234		1309866		2033
495		41233		1312497		2037
496		41233		1315135		2038
497		41233		1317777		2040
498		41229		1320431		2038
499		41228		1323083		2036
500		41227		1325748		2039
501		41229		1328374		2039
502		41231		1331028		2039
503		41232		1333650		2040
504		41232		1336292		2040
505		41234		1338939		2042
506		41234		1341577		2043
507		41232		1344209		2041
508		41234		1346859		2041
509		41236		1349511		2043
510		41236		1352144		2041
511		41236		1354776		2041
512		41239		1357416		2043
513		41240		1360048		2044
514		41239		1362692		2050
515		41237		1365333		2045
516		41236		1367980		2049
517		41239		1370601		2044
518		41237		1373251		2043
519		41235		1375885		2044
520		41233		1378538		2045
521		41232		1381166		2041
522		41235		1383802		2042
523		41235		1386448		2044
524		41244		1389113		2044
525		41244		1391759		2045
526		41244		1394388		2041
527		41246		1397020		2043
528		41247		1399670		2046
529		41246		1402310		2043
530		41242		1404923		2039
531		41242		1407573		2042
532		41241		1410217		2043
533		41242		1412861		2043
534		41243		1415496		2043
535		41246		1418147		2048
536		41242		1420782		2050
537		41240		1423427		2049
538		41239		1426074		2048
539		41241		1428707		2049
540		41239		1431353		2043
541		41242		1434006		2044
542		41243		1436625		2045
543		41240		1439271		2040
544		41243		1441898		2043
545		41243		1444541		2043
546		41243		1447174		2046
547		41241		1449804		2043
548		41240		1452456		2045
549		41244		1455106		2048
550		41243		1457742		2052
551		41242		1460383		2050
552		41241		1463007		2049
553		41243		1465663		2051
554		41242		1468309		2052
555		41240		1470957		2048
556		41241		1473597		2045
557		41239		1476254		2046
558		41239		1478881		2043
559		41238		1481523		2045
560		41242		1484169		2054
561		41244		1486821		2054
562		41243		1489464		2051
563		41244		1492109		2049
564		41247		1494741		2049
565		41244		1497380		2053
566		41245		1500031		2051
567		41248		1502688		2052
568		41245		1505335		2052
569		41246		1507975		2049
570		41244		1510604		2049
571		41239		1513242		2044
572		41237		1515869		2043
573		41238		1518509		2042
574		41238		1521138		2042
575		41238		1523782		2040
576		41238		1526425		2042
577		41238		1529064		2042
578		41237		1531714		2042
579		41239		1534359		2043
580		41239		1536992		2045
581		41239		1539637		2046
582		41242		1542275		2045
583		41243		1544928		2045
584		41242		1547572		2043
585		41238		1550209		2043
586		41238		1552848		2045
587		41240		1555490		2045
588		41239		1558126		2045
589		41239		1560767		2047
590		41238		1563409		2048
591		41239		1566045		2048
592		41239		1568681		2051
593		41240		1571310		2055
594		41238		1573956		2055
595		41239		1576579		2056
596		41238		1579214		2055
597		41239		1581852		2053
598		41241		1584498		2050
599		41240		1587152		2050
600		41239		1589791		2049
601		41240		1592439		2047
602		41240		1595070		2046
603		41238		1597701		2048
604		41238		1600341		2047
605		41238		1602979		2046
606		41241		1605604		2051
607		41241		1608227		2050
608		41240		1610871		2047
609		41240		1613524		2050
610		41237		1616188		2052
611		41240		1618825		2053
612		41237		1621469		2052
613		41237		1624122		2051
614		41238		1626772		2052
615		41238		1629390		2050
616		41239		1632028		2052
617		41237		1634685		2052
618		41237		1637303		2051
619		41237		1639946		2050
620		41237		1642565		2050
621		41237		1645208		2048
622		41238		1647850		2049
623		41238		1650480		2051
624		41238		1653121		2051
625		41238		1655762		2051
626		41238		1658407		2051
627		41239		1661056		2050
628		41236		1663686		2050
629		41234		1666328		2052
630		41239		1668973		2050
631		41235		1671611		2049
632		41238		1674271		2047
633		41237		1676923		2051
634		41237		1679563		2048
635		41238		1682197		2042
636		41238		1684833		2046
637		41239		1687479		2043
638		41237		1690115		2045
639		41237		1692764		2044
640		41235		1695407		2044
641		41234		1698048		2048
642		41233		1700688		2048
643		41234		1703344		2047
644		41235		1705998		2043
645		41234		1708641		2044
646		41235		1711283		2043
647		41234		1713917		2042
648		41233		1716562		2043
649		41233		1719202		2044
650		41234		1721847		2043
651		41236		1724481		2042
652		41237		1727122		2038
653		41236		1729751		2037
654		41238		1732406		2037
655		41233		1735040		2033
656		41233		1737697		2033
657		41234		1740335		2033
658		41233		1742962		2036
659		41234		1745605		2036
660		41234		1748241		2037
661		41234		1750884		2040
662		41237		1753542		2039
663		41237		1756195		2044
664		41235		1758835		2042
665		41235		1761471		2041
666		41236		1764107		2044
667		41236		1766765		2043
668		41233		1769401		2043
669		41233		1772025		2042
670		41234		1774652		2046
671		41235		1777297		2047
672		41235		1779927		2048
673		41235		1782576		2047
674		41237		1785216		2046
675		41235		1787857		2047
676		41234		1790499		2045
677		41234		1793151		2047
678		41234		1795801		2048
679		41236		1798440		2048
680		41237		1801082		2048
681		41237		1803712		2049
682		41236		1806345		2047
683		41233		1808995		2045
684		41233		1811628		2046
685		41233		1814276		2048
686		41232		1816916		2046
687		41231		1819544		2047
688		41230		1822171		2046
689		41230		1824806		2047
690		41230		1827451		2048
691		41230		1830095		2046
692		41230		1832728		2046
693		41230		1835377		2046
694		41231		1838028		2046
695		41232		1840657		2048
696		41231		1843288		2048
697		41230		1845940		2046
698		41229		1848579		2043
699		41229		1851219		2045
700		41229		1853857		2045
701		41229		1856499		2046
702		41229		1859150		2047
703		41229		1861778		2045
704		41230		1864420		2046
705		41230		1867051		2045
706		41230		1869703		2051
707		41230		1872348		2051
708		41230		1874983		2050
709		41229		1877609		2047
710		41229		1880244		2045
711		41229		1882886		2045
712		41229		1885530		2045
713		41231		1888165		2044
714		41232		1890808		2044
715		41231		1893462		2039
716		41232		1896113		2040
717		41230		1898745		2039
718		41231		1901396		2042
719		41231		1904035		2045
720		41231		1906685		2047
721		41231		1909326		2045
722		41230		1911974		2044
723		41230		1914607		2044
724		41230		1917245		2045
725		41230		1919888		2045
726		41230		1922534		2043
727		41230		1925187		2043
728		41231		1927850		2047
729		41231		1930480		2047
730		41231		1933112		2044
731		41233		1935758		2044
732		41231		1938407		2043
733		41231		1941046		2042
734		41229		1943671		2043
735		41229		1946318		2044
736		41229		1948955		2045
737		41229		1951595		2047
738		41229		1954235		2047
739		41229		1956865		2048
740		41230		1959518		2046
741		41231		1962157		2044
742		41230		1964815		2044
743		41231		1967460		2046
744		41231		1970096		2045
745		41231		1972741		2044
746		41231		1975389		2044
747		41230		1978045		2045
748		41232		1980683		2047
749		41232		1983312		2047
750		41230		1985953		2044
751		41230		1988595		2041
752		41231		1991240		2043
753		41231		1993868		2042
754		41229		1996510		2042
755		41231		1999152		2044
756		41229		2001782		2043
757		41230		2004428		2044
758		41231		2007068		2050
759		41230		2009707		2048
760		41229		2012357		2049
761		41229		2014996		2050
762		41229		2017641		2050
763		41229		2020291		2050
764		41227		2022937		2051
765		41227		2025586		2051
766		41227		2028241		2052
767		41227		2030886		2052
768		41227		2033521		2051
769		41227		2036165		2049
770		41227		2038813		2049
771		41227		2041459		2049
772		41227		2044097		2047
773		41229		2046727		2046
774		41227		2049386		2045
775		41227		2052022		2045
776		41227		2054674		2047
777		41227		2057311		2048
778		41227		2059962		2048
779		41227		2062608		2045
780		41227		2065244		2045
781		41227		2067895		2045
782		41229		2070519		2044
783		41227		2073169		2043
784		41227		2075819		2041
785		41228		2078456		2041
786		41227		2081103		2039
787		41227		2083739		2039
788		41227		2086394		2041
789		41229		2089031		2040
790		41229		2091673		2038
791		41227		2094322		2038
792		41227		2096954		2039
793		41227		2099592		2042
794		41227		2102243		2042
795		41229		2104890		2042
796		41229		2107528		2042
797		41231		2110171		2042
798		41228		2112816		2041
799		41229		2115469		2043
800		41229		2118104		2046
801		41229		2120738		2046
802		41228		2123388		2047
803		41228		2126049		2048
804		41228		2128690		2049
805		41228		2131342		2049
806		41228		2133979		2047
807		41228		2136620		2046
808		41229		2139269		2045
809		41229		2141921		2043
810		41229		2144569		2044
811		41228		2147211		2043
812		41229		2149852		2040
813		41229		2152494		2039
814		41229		2155130		2038
815		41229		2157768		2039
816		41229		2160411		2038
817		41229		2163061		2039
818		41229		2165699		2040
819		41229		2168347		2039
820		41229		2171000		2040
821		41229		2173632		2040
822		41227		2176291		2042
823		41227		2178922		2042
824		41227		2181567		2042
825		41227		2184195		2042
826		41227		2186847		2041
827		41227		2189498		2040
828		41227		2192130		2040
829		41227		2194778		2041
830		41227		2197401		2039
831		41227		2200030		2039
832		41227		2202668		2039
833		41227		2205319		2039
834		41227		2207980		2038
835		41227		2210620		2037
836		41227		2213248		2040
837		41227		2215886		2042
838		41227		2218526		2042
839		41227		2221179		2042
840		41227		2223815		2042
841		41227		2226465		2042
842		41227		2229107		2042
843		41227		2231735		2042
844		41225		2234397		2043
845		41225		2237029		2043
846		41223		2239673		2043
847		41223		2242316		2042
848		41223		2244960		2040
849		41223		2247603		2041
850		41223		2250247		2040
851		41223		2252893		2040
852		41223		2255536		2039
853		41223		2258174		2039
854		41223		2260797		2038
855		41223		2263435		2040
856		41223		2266074		2040
857		41223		2268706		2041
858		41223		2271351		2040
859		41223		2273998		2041
860		41223		2276634		2042
861		41223		2279285		2042
862		41223		2281912		2044
863		41223		2284551		2046
864		41222		2287189		2045
865		41222		2289854		2044
866		41222		2292496		2045
867		41223		2295147		2045
868		41222		2297800		2042
869		41221		2300446		2042
870		41221		2303077		2042
871		41221		2305713		2043
872		41223		2308353		2044
873		41223		2310991		2043
874		41222		2313639		2042
875		41222		2316296		2045
876		41222		2318945		2044
877		41221		2321587		2045
878		41221		2324229		2045
879		41221		2326868		2044
880		41221		2329523		2042
881		41222		2332180		2042
882		41221		2334822		2044
883		41221		2337452		2046
884		41221		2340088		2044
885		41223		2342726		2045
886		41228		2345375		2046
887		41228		2348006		2045
888		41225		2350645		2044
889		41225		2353288		2044
890		41225		2355930		2045
891		41227		2358582		2046
892		41227		2361219		2049
893		41227		2363866		2045
894		41224		2366527		2046
895		41224		2369173		2046
896		41224		2371803		2046
897		41224		2374451		2049
898		41224		2377091		2048
899		41223		2379725		2049
900		41223		2382376		2049
901		41223		2385027		2050
902		41223		2387674		2050
903		41220		2390312		2049
904		41220		2392964		2049
905		41220		2395596		2048
906		41220		2398239		2046
907		41220		2400879		2046
908		41220		2403513		2046
909		41220		2406147		2046
910		41220		2408800		2044
911		41220		2411429		2046
912		41223		2414075		2045
913		41223		2416721		2045
914		41225		2419359		2044
915		41220		2421996		2047
916		41222		2424629		2045
917		41221		2427270		2049
918		41221		2429916		2050
919		41223		2432565		2046
920		41227		2435211		2048
921		41229		2437856		2050
922		41229		2440500		2049
923		41227		2443147		2047
924		41228		2445797		2049
925		41228		2448447		2048
926		41229		2451097		2047
927		41229		2453742		2046
928		41229		2456373		2046
929		41230		2459010		2044
930		41231		2461646		2045
931		41230		2464296		2043
932		41229		2466937		2043
933		41229		2469572		2042
934		41229		2472213		2043
935		41229		2474844		2045
936		41232		2477492		2042
937		41232		2480143		2043
938		41229		2482774		2044
939		41229		2485407		2047
940		41226		2488048		2049
941		41226		2490697		2051
942		41226		2493340		2051
943		41226		2495989		2052
944		41226		2498635		2053
945		41226		2501262		2052
946		41226		2503911		2050
947		41226		2506537		2050
948		41229		2509170		2050
949		41229		2511814		2049
950		41229		2514448		2045
951		41229		2517089		2046
952		41228		2519722		2046
953		41228		2522359		2045
954		41228		2524978		2047
955		41228		2527615		2047
956		41228		2530264		2045
957		41227		2532898		2046
958		41227		2535554		2046
959		41227		2538185		2048
960		41227		2540813		2048
961		41227		2543449		2045
962		41227		2546076		2045
963		41229		2548727		2047
964		41229		2551362		2047
965		41228		2554005		2047
966		41228		2556644		2048
967		41228		2559291		2048
968		41228		2561939		2048
969		41230		2564552		2047
970		41228		2567202		2045
971		41228		2569835		2046
972		41228		2572486		2046
973		41227		2575140		2043
974		41227		2577767		2043
975		41227		2580405		2045
976		41229		2583053		2046
977		41229		2585696		2048
978		41230		2588323		2046
979		41229		2590961		2045
980		41230		2593598		2044
981		41226		2596228		2045
982		41229		2598854		2047
983		41229		2601504		2045
984		41226		2604143		2045
985		41226		2606799		2045
986		41226		2609449		2046
987		41226		2612086		2046
988		41226		2614744		2045
989		41226		2617384		2045
990		41225		2620026		2045
991		41225		2622670		2043
992		41227		2625312		2045
993		41229		2627938		2043
994		41227		2630576		2043
995		41228		2633209		2043
996		41228		2635839		2043
997		41228		2638491		2044
998		41235		2641141		2044
999		41237		2643793		2043
